000 032
001 032
002 032
003 032
004 032
005 032
006 032
007 032
008 032
009 032
010 032
011 032
012 032
013 032
014 032
015 032
016 032
017 032
018 032
019 032
020 032
021 032
022 032
023 032
024 032
025 032
026 032
027 032
028 032
029 032
030 032
031 032
127 032
128 032
129 032
130 032
131 032
132 032
133 032
134 032
135 032
136 032
137 032
138 032
139 032
140 032
141 032
142 032
143 032
144 032
145 032
146 032
147 032
148 032
149 032
150 032
151 032
152 032
153 032
154 032
155 032
156 032
157 032
158 032
159 032
